1.用一个函数实现IOS用户注册密码验证要求（不能使用正则表达式）：
	1、密码只能是数字、大写字母、小写字母、下划线
	2、密码长度必须是8-20位
	3、密码必须包含数字、大写字母、小写字母、下划线中的任意3个
	4、密码必须包含大写字母

2.参考W3C文档Array方法完成排序要求：
	1、系统接收一个字符串型数组，如{”a”,”2”,”3.4”,”5”,”6”,”1”}
	2、把数组里非整形项过滤掉
	3、把数组里所有整型数值按从大到小排列，并返回

3.编写一个嵌套的for循环,打印下面的输出

 		   1

	        1  2  1

             1  2  4  2   1

          1  2  4  8  4  2  1

       1  2  4  8  16 8  4  2  1

    1  2  4  8  16 32 16  8  4  2  1

  1 2  4  8  16 32 64 32  16 8  4  2  1

1 2 4  8  16 32 64 128 64 32 16 8  4  2  1

4.做一个方法，接受一个字符串参数，验证该参数是否为整型


5.做一个方法，判断用户输入的字符串是否为空


6.做一个方法，验收手机号码是否输入正确（不可以用正则表达式），要求：
	必须是11位数字
	前三位必须是130-139,158-159,186

7.做一个方法，验收用户名是否输入正确（不可以用正则表达式），要求：
	必须是数字、大写字母、小写字母、下划线中的三种组成
	首字母必须是字母或下划线开头
	字符长度4-10

8.利用可变参数完成加数相加
